{
  "advancedEditorSelectedIdentifier" : "ProjectBrowser",
  "openSceneRelativePaths" : [
    "Scene.usda"
  ],
  "recentIdentifiers" : {
    "90C576A0-F90A-43B8-9998-14918A66F863" : [

    ]
  },
  "sceneCameraHistory" : {
    "90C576A0-F90A-43B8-9998-14918A66F863" : [
      {
        "date" : 733678861.060439,
        "title" : "Untitled",
        "transform" : [
          0.9995482,
          8.037737e-10,
          0.030057892,
          0,
          0.013055994,
          0.9007386,
          -0.43416536,
          0,
          -0.027074303,
          0.43436164,
          0.9003316,
          0,
          -0.028597113,
          0.727468,
          1.2025447,
          1
        ]
      },
      {
        "date" : 733674777.788542,
        "title" : "Untitled",
        "transform" : [
          0.999548,
          3.4104447e-10,
          0.030057883,
          0,
          0.013055992,
          0.90073854,
          -0.4341653,
          0,
          -0.027074303,
          0.43436164,
          0.9003316,
          0,
          -0.0289191,
          0.6786912,
          1.1461475,
          1
        ]
      },
      {
        "date" : 733674769.508435,
        "title" : "Untitled",
        "transform" : [
          0.9985547,
          3.0348402e-10,
          0.05374383,
          0,
          0.02516369,
          0.8836143,
          -0.46753865,
          0,
          -0.047488835,
          0.46821538,
          0.8823374,
          0,
          -0.05458212,
          0.7219762,
          1.1126777,
          1
        ]
      },
      {
        "date" : 733674679.218332,
        "title" : "Untitled",
        "transform" : [
          0.9985158,
          3.1630432e-10,
          0.054461718,
          0,
          0.024964426,
          0.8887538,
          -0.45770448,
          0,
          -0.048403062,
          0.45838478,
          0.8874347,
          0,
          -0.055814356,
          0.70942533,
          1.120386,
          1
        ]
      },
      {
        "date" : 733674545.975591,
        "title" : "Untitled",
        "transform" : [
          0.99999994,
          0,
          0,
          0,
          0,
          0.8660254,
          -0.49999994,
          0,
          0,
          0.49999994,
          0.8660254,
          0,
          0.0052866302,
          0.76180387,
          1.0868722,
          1
        ]
      },
      {
        "date" : 733674539.493179,
        "title" : "Untitled",
        "transform" : [
          0.99999994,
          0,
          -0,
          0,
          -0,
          0.8660254,
          -0.49999994,
          0,
          0,
          0.49999994,
          0.8660254,
          0,
          0,
          0.41109073,
          0.7120301,
          1
        ]
      }
    ]
  }
}